87.000000
66.000000
173.000000
85.000000
23.000000
16.000000
34.000000
47.000000
106.000000
235.000000
96.000000
36.000000
106.000000
86.000000
141.000000
191.000000
42.000000
218.000000
8.000000
14.000000
226.000000
155.000000
70.000000
24.000000
90.000000
13.000000
33.000000
188.000000
200.000000
28.000000
88.000000
244.000000
135.000000
251.000000
134.000000
132.000000
76.000000
239.000000
149.000000
39.000000
35.000000
233.000000
95.000000
131.000000
227.000000
107.000000
10.000000
211.000000
64.000000
161.000000
195.000000
254.000000
16.000000
229.000000
194.000000
207.000000
185.000000
82.000000
59.000000
7.000000
175.000000
58.000000
89.000000
99.000000
16.000000
178.000000
159.000000
109.000000
129.000000
135.000000
246.000000
142.000000
125.000000
228.000000
11.000000
26.000000
79.000000
77.000000
185.000000
68.000000
42.000000
229.000000
24.000000
84.000000
85.000000
48.000000
27.000000
231.000000
255.000000
14.000000
204.000000
197.000000
110.000000
167.000000
82.000000
167.000000
236.000000
