70.000000
188.000000
232.000000
194.000000
233.000000
42.000000
4.000000
67.000000
69.000000
10.000000
166.000000
37.000000
249.000000
214.000000
57.000000
197.000000
10.000000
143.000000
195.000000
180.000000
152.000000
100.000000
190.000000
90.000000
51.000000
48.000000
231.000000
243.000000
19.000000
67.000000
26.000000
173.000000
80.000000
22.000000
117.000000
107.000000
76.000000
166.000000
33.000000
4.000000
120.000000
170.000000
158.000000
131.000000
240.000000
205.000000
186.000000
35.000000
26.000000
33.000000
143.000000
235.000000
162.000000
182.000000
214.000000
254.000000
58.000000
118.000000
8.000000
201.000000
235.000000
193.000000
32.000000
4.000000
132.000000
106.000000
156.000000
87.000000
22.000000
255.000000
148.000000
4.000000
225.000000
186.000000
150.000000
31.000000
118.000000
247.000000
160.000000
29.000000
84.000000
187.000000
245.000000
184.000000
162.000000
122.000000
156.000000
8.000000
138.000000
178.000000
92.000000
37.000000
5.000000
251.000000
153.000000
211.000000
89.000000
180.000000
73.000000
61.000000
37.000000
179.000000
249.000000
58.000000
43.000000
117.000000
171.000000
65.000000
206.000000
5.000000
47.000000
95.000000
152.000000
35.000000
24.000000
49.000000
12.000000
242.000000
162.000000
14.000000
2.000000
209.000000
208.000000
97.000000
184.000000
56.000000
92.000000
128.000000
170.000000
231.000000
58.000000
111.000000
63.000000
133.000000
74.000000
213.000000
186.000000
250.000000
129.000000
248.000000
