291.000000
419.000000
154.000000
439.000000
56.000000
317.000000
86.000000
244.000000
361.000000
500.000000
216.000000
283.000000
25.000000
472.000000
103.000000
173.000000
317.000000
394.000000
64.000000
291.000000
140.000000
266.000000
470.000000
341.000000
105.000000
192.000000
230.000000
8.000000
435.000000
385.000000
77.000000
325.000000
36.000000
162.000000
267.000000
224.000000
378.000000
406.000000
193.000000
322.000000
122.000000
445.000000
489.000000
63.000000
250.000000
359.000000
300.000000
452.000000
156.000000
504.000000
95.000000
212.000000
326.000000
357.000000
420.000000
300.000000
39.000000
466.000000
224.000000
167.000000
438.000000
395.000000
113.000000
58.000000
254.000000
289.000000
230.000000
189.000000
346.000000
105.000000
503.000000
70.000000
403.000000
9.000000
446.000000
331.000000
496.000000
239.000000
292.000000
271.000000
159.000000
432.000000
129.000000
370.000000
84.000000
330.000000
397.000000
215.000000
123.000000
476.000000
358.000000
171.000000
389.000000
16.000000
60.000000
439.000000
314.000000
250.000000
417.000000
88.000000
358.000000
56.000000
26.000000
454.000000
147.000000
492.000000
76.000000
219.000000
189.000000
339.000000
448.000000
372.000000
152.000000
408.000000
34.000000
56.000000
166.000000
83.000000
493.000000
274.000000
18.000000
354.000000
222.000000
416.000000
124.000000
463.000000
493.000000
204.000000
370.000000
416.000000
30.000000
317.000000
157.000000
247.000000
198.000000
77.000000
464.000000
282.000000
37.000000
390.000000
