501.000000
496.000000
495.000000
493.000000
487.000000
480.000000
475.000000
473.000000
473.000000
470.000000
464.000000
454.000000
448.000000
422.000000
421.000000
420.000000
417.000000
412.000000
405.000000
403.000000
397.000000
394.000000
390.000000
385.000000
383.000000
378.000000
376.000000
375.000000
370.000000
365.000000
362.000000
357.000000
347.000000
346.000000
339.000000
338.000000
336.000000
332.000000
332.000000
326.000000
320.000000
318.000000
304.000000
281.000000
280.000000
278.000000
275.000000
272.000000
270.000000
260.000000
234.000000
233.000000
231.000000
226.000000
222.000000
221.000000
216.000000
201.000000
199.000000
199.000000
189.000000
182.000000
183.000000
180.000000
171.000000
163.000000
163.000000
155.000000
154.000000
153.000000
151.000000
148.000000
137.000000
113.000000
114.000000
104.000000
102.000000
99.000000
94.000000
93.000000
85.000000
72.000000
67.000000
66.000000
64.000000
59.000000
51.000000
45.000000
45.000000
42.000000
42.000000
29.000000
22.000000
19.000000
16.000000
12.000000
9.000000
