503.000000
502.000000
502.000000
499.000000
501.000000
499.000000
498.000000
490.000000
485.000000
485.000000
482.000000
481.000000
480.000000
478.000000
476.000000
474.000000
463.000000
455.000000
455.000000
452.000000
449.000000
443.000000
439.000000
437.000000
434.000000
434.000000
432.000000
432.000000
427.000000
426.000000
421.000000
414.000000
410.000000
404.000000
401.000000
401.000000
398.000000
396.000000
394.000000
393.000000
391.000000
382.000000
373.000000
371.000000
363.000000
358.000000
358.000000
354.000000
353.000000
348.000000
347.000000
342.000000
335.000000
332.000000
328.000000
326.000000
323.000000
323.000000
320.000000
312.000000
302.000000
296.000000
293.000000
291.000000
288.000000
286.000000
279.000000
281.000000
280.000000
267.000000
265.000000
265.000000
265.000000
262.000000
258.000000
253.000000
253.000000
250.000000
243.000000
239.000000
241.000000
236.000000
237.000000
230.000000
220.000000
212.000000
209.000000
205.000000
203.000000
192.000000
189.000000
187.000000
182.000000
182.000000
176.000000
176.000000
177.000000
167.000000
163.000000
160.000000
158.000000
149.000000
146.000000
146.000000
144.000000
140.000000
127.000000
126.000000
124.000000
122.000000
121.000000
118.000000
117.000000
113.000000
109.000000
99.000000
91.000000
92.000000
88.000000
87.000000
82.000000
82.000000
81.000000
75.000000
74.000000
70.000000
63.000000
59.000000
52.000000
40.000000
39.000000
34.000000
32.000000
28.000000
26.000000
18.000000
16.000000
13.000000
12.000000
10.000000
