40.000000
187.000000
225.000000
167.000000
36.000000
176.000000
26.000000
44.000000
43.000000
109.000000
166.000000
59.000000
243.000000
177.000000
34.000000
224.000000
14.000000
177.000000
192.000000
140.000000
192.000000
106.000000
181.000000
113.000000
71.000000
51.000000
227.000000
243.000000
22.000000
70.000000
25.000000
166.000000
78.000000
14.000000
61.000000
133.000000
30.000000
176.000000
42.000000
33.000000
90.000000
206.000000
175.000000
120.000000
239.000000
165.000000
200.000000
43.000000
30.000000
42.000000
170.000000
228.000000
210.000000
191.000000
240.000000
200.000000
109.000000
95.000000
21.000000
206.000000
243.000000
184.000000
33.000000
71.000000
145.000000
48.000000
163.000000
123.000000
36.000000
211.000000
9.000000
233.000000
206.000000
149.000000
55.000000
144.000000
207.000000
132.000000
18.000000
78.000000
241.000000
203.000000
193.000000
195.000000
170.000000
194.000000
20.000000
197.000000
216.000000
76.000000
24.000000
54.000000
209.000000
112.000000
181.000000
235.000000
169.000000
69.000000
85.000000
51.000000
203.000000
64.000000
231.000000
27.000000
93.000000
176.000000
65.000000
11.000000
210.000000
36.000000
121.000000
95.000000
48.000000
47.000000
39.000000
52.000000
238.000000
168.000000
12.000000
21.000000
208.000000
171.000000
70.000000
159.000000
72.000000
59.000000
179.000000
223.000000
217.000000
71.000000
141.000000
63.000000
148.000000
43.000000
192.000000
159.000000
240.000000
189.000000
225.000000
