21.000000
29.000000
110.000000
54.000000
9.000000
5.000000
14.000000
44.000000
67.000000
162.000000
59.000000
7.000000
71.000000
53.000000
105.000000
164.000000
19.000000
202.000000
4.000000
6.000000
152.000000
125.000000
35.000000
4.000000
55.000000
11.000000
8.000000
98.000000
149.000000
19.000000
62.000000
210.000000
73.000000
233.000000
62.000000
90.000000
19.000000
213.000000
84.000000
9.000000
10.000000
185.000000
38.000000
66.000000
191.000000
45.000000
5.000000
166.000000
27.000000
134.000000
146.000000
167.000000
7.000000
172.000000
147.000000
150.000000
118.000000
12.000000
39.000000
8.000000
124.000000
27.000000
27.000000
56.000000
15.000000
111.000000
143.000000
60.000000
105.000000
83.000000
207.000000
73.000000
65.000000
11.000000
179.000000
9.000000
70.000000
45.000000
143.000000
25.000000
9.000000
175.000000
9.000000
24.000000
41.000000
10.000000
11.000000
149.000000
219.000000
3.000000
122.000000
120.000000
63.000000
126.000000
28.000000
130.000000
218.000000
