389.000000
93.000000
476.000000
280.000000
436.000000
227.000000
347.000000
59.000000
183.000000
88.000000
119.000000
318.000000
232.000000
304.000000
167.000000
205.000000
92.000000
399.000000
495.000000
371.000000
272.000000
174.000000
203.000000
320.000000
439.000000
10.000000
58.000000
123.000000
359.000000
270.000000
315.000000
81.000000
153.000000
207.000000
307.000000
453.000000
127.000000
485.000000
380.000000
247.000000
70.000000
17.000000
400.000000
297.000000
248.000000
203.000000
345.000000
58.000000
144.000000
458.000000
127.000000
57.000000
310.000000
13.000000
351.000000
499.000000
98.000000
281.000000
411.000000
76.000000
191.000000
505.000000
489.000000
334.000000
154.000000
391.000000
90.000000
231.000000
27.000000
124.000000
307.000000
352.000000
405.000000
96.000000
130.000000
450.000000
50.000000
303.000000
26.000000
484.000000
198.000000
111.000000
69.000000
267.000000
325.000000
473.000000
208.000000
394.000000
365.000000
127.000000
50.000000
283.000000
342.000000
464.000000
149.000000
217.000000
427.000000
