291.000000
418.000000
154.000000
439.000000
317.000000
55.000000
86.000000
244.000000
500.000000
361.000000
216.000000
282.000000
25.000000
472.000000
103.000000
174.000000
317.000000
395.000000
65.000000
291.000000
140.000000
266.000000
470.000000
341.000000
104.000000
192.000000
230.000000
8.000000
435.000000
385.000000
77.000000
325.000000
36.000000
162.000000
267.000000
224.000000
377.000000
406.000000
322.000000
193.000000
121.000000
445.000000
489.000000
63.000000
249.000000
359.000000
299.000000
451.000000
156.000000
504.000000
95.000000
212.000000
326.000000
357.000000
420.000000
300.000000
39.000000
465.000000
224.000000
167.000000
438.000000
395.000000
114.000000
58.000000
255.000000
289.000000
230.000000
189.000000
346.000000
105.000000
70.000000
404.000000
9.000000
446.000000
329.000000
498.000000
239.000000
292.000000
270.000000
159.000000
128.000000
432.000000
370.000000
84.000000
330.000000
397.000000
215.000000
124.000000
476.000000
358.000000
171.000000
389.000000
16.000000
315.000000
60.000000
439.000000
250.000000
416.000000
88.000000
358.000000
56.000000
454.000000
26.000000
147.000000
492.000000
77.000000
220.000000
339.000000
189.000000
448.000000
372.000000
152.000000
408.000000
33.000000
56.000000
166.000000
83.000000
493.000000
273.000000
18.000000
354.000000
222.000000
416.000000
124.000000
464.000000
492.000000
204.000000
370.000000
416.000000
30.000000
317.000000
157.000000
248.000000
197.000000
77.000000
464.000000
282.000000
38.000000
390.000000
