503.000000
502.000000
500.000000
499.000000
498.000000
499.000000
498.000000
490.000000
485.000000
485.000000
482.000000
481.000000
480.000000
478.000000
476.000000
475.000000
463.000000
455.000000
455.000000
452.000000
449.000000
443.000000
439.000000
437.000000
434.000000
434.000000
432.000000
432.000000
427.000000
425.000000
421.000000
414.000000
410.000000
403.000000
400.000000
401.000000
397.000000
397.000000
393.000000
394.000000
391.000000
382.000000
373.000000
371.000000
363.000000
359.000000
358.000000
354.000000
353.000000
348.000000
348.000000
342.000000
335.000000
332.000000
328.000000
326.000000
323.000000
322.000000
319.000000
311.000000
302.000000
296.000000
293.000000
291.000000
288.000000
286.000000
278.000000
281.000000
280.000000
267.000000
265.000000
265.000000
262.000000
258.000000
253.000000
255.000000
250.000000
243.000000
239.000000
240.000000
237.000000
236.000000
230.000000
220.000000
212.000000
208.000000
205.000000
203.000000
192.000000
189.000000
187.000000
182.000000
182.000000
178.000000
175.000000
176.000000
167.000000
162.000000
160.000000
158.000000
149.000000
146.000000
146.000000
143.000000
140.000000
128.000000
127.000000
122.000000
124.000000
121.000000
118.000000
117.000000
114.000000
109.000000
99.000000
91.000000
92.000000
88.000000
87.000000
82.000000
82.000000
80.000000
75.000000
74.000000
71.000000
62.000000
58.000000
52.000000
40.000000
39.000000
34.000000
32.000000
29.000000
25.000000
18.000000
16.000000
13.000000
12.000000
10.000000
